0	0	0	0
1	0	0	0
2	0	0	0
3	3.21868	0.8368568	0.0002324602222
4	7.885766	2.05029916	0.0005695275444
5	13.035654	3.38927004	0.0009414639
6	18.185542	4.72824092	0.001313400256
7	23.33543	6.0672118	0.001685336611
8	27.841582	7.23881132	0.002010780922
9	31.543064	8.20119664	0.002278110178
10	35.083612	9.12173912	0.002533816422
11	38.62416	10.0422816	0.002789522667
12	41.520972	10.79545272	0.002998736867
13	43.613114	11.33940964	0.003149836011
14	45.06152	11.7159952	0.003254443111
15	46.67086	12.1344236	0.003370673222
16	48.2802	12.552852	0.003486903333
17	49.406738	12.84575188	0.003568264411
18	50.69421	13.1804946	0.0036612485
19	51.820748	13.47339448	0.003742609578
20	52.947286	13.76629436	0.003823970656
21	53.91289	14.0173514	0.003893708722
22	54.878494	14.26840844	0.003963446789
23	55.683164	14.47762264	0.004021561844
24	56.165966	14.60315116	0.004056430878
25	56.487834	14.68683684	0.0040796769
26	57.453438	14.93789388	0.004149414967
27	57.775306	15.02157956	0.004172660989
28	57.614372	14.97973672	0.004161037978
29	56.809702	14.77052252	0.004102922922
30	56.165966	14.60315116	0.004056430878
31	55.52223	14.4357798	0.004009938833
32	55.683164	14.47762264	0.004021561844
33	56.005032	14.56130832	0.004044807867
34	56.487834	14.68683684	0.0040796769
35	57.453438	14.93789388	0.004149414967
36	58.097174	15.10526524	0.004195907011
37	58.258108	15.14710808	0.004207530022
38	58.74091	15.2726366	0.004242399056
39	59.062778	15.35632228	0.004265645078
40	59.384646	15.44000796	0.0042888911
41	59.54558	15.4818508	0.004300514111
42	59.54558	15.4818508	0.004300514111
43	59.54558	15.4818508	0.004300514111
44	59.54558	15.4818508	0.004300514111
45	59.54558	15.4818508	0.004300514111
46	59.54558	15.4818508	0.004300514111
47	59.706514	15.52369364	0.004312137122
48	60.028382	15.60737932	0.004335383144
49	60.833052	15.81659352	0.0043934982
50	62.120524	16.15133624	0.004486482289
51	63.247062	16.44423612	0.004567843367
52	64.3736	16.737136	0.004649204444
53	65.500138	17.03003588	0.004730565522
54	66.626676	17.32293576	0.0048119266
55	67.914148	17.65767848	0.004904910689
56	69.040686	17.95057836	0.004986271767
57	70.00629	18.2016354	0.005056009833
58	70.81096	18.4108496	0.005114124889
59	71.293762	18.53637812	0.005148993922
60	71.61563	18.6200638	0.005172239944
61	72.098432	18.74559232	0.005207108978
62	72.259366	18.78743516	0.005218731989
63	72.4203	18.829278	0.005230355
64	72.581234	18.87112084	0.005241978011
65	73.064036	18.99664936	0.005276847044
66	73.546838	19.12217788	0.005311716078
67	74.02964	19.2477064	0.005346585111
68	74.512442	19.37323492	0.005381454144
69	74.83431	19.4569206	0.005404700167
70	75.317112	19.58244912	0.0054395692
71	75.478046	19.62429196	0.005451192211
72	75.63898	19.6661348	0.005462815222
73	75.799914	19.70797764	0.005474438233
74	75.960848	19.74982048	0.005486061244
75	76.121782	19.79166332	0.005497684256
76	75.960848	19.74982048	0.005486061244
77	75.799914	19.70797764	0.005474438233
78	75.63898	19.6661348	0.005462815222
79	75.478046	19.62429196	0.005451192211
80	75.478046	19.62429196	0.005451192211
81	75.478046	19.62429196	0.005451192211
82	75.63898	19.6661348	0.005462815222
83	75.799914	19.70797764	0.005474438233
84	75.799914	19.70797764	0.005474438233
85	75.960848	19.74982048	0.005486061244
86	75.799914	19.70797764	0.005474438233
87	75.63898	19.6661348	0.005462815222
88	75.478046	19.62429196	0.005451192211
89	74.83431	19.4569206	0.005404700167
90	74.512442	19.37323492	0.005381454144
91	74.351508	19.33139208	0.005369831133
92	74.512442	19.37323492	0.005381454144
93	74.83431	19.4569206	0.005404700167
94	75.478046	19.62429196	0.005451192211
95	75.799914	19.70797764	0.005474438233
96	76.282716	19.83350616	0.005509307267
97	76.765518	19.95903468	0.0055441763
98	77.24832	20.0845632	0.005579045333
99	77.570188	20.16824888	0.005602291356
100	78.05299	20.2937774	0.005637160389
101	78.535792	20.41930592	0.005672029422
102	79.018594	20.54483444	0.005706898456
103	79.179528	20.58667728	0.005718521467
104	79.018594	20.54483444	0.005706898456
105	79.018594	20.54483444	0.005706898456
106	78.85766	20.5029916	0.005695275444
107	78.85766	20.5029916	0.005695275444
108	79.018594	20.54483444	0.005706898456
109	79.179528	20.58667728	0.005718521467
110	79.340462	20.62852012	0.005730144478
111	79.501396	20.67036296	0.005741767489
112	79.66233	20.7122058	0.0057533905
113	79.66233	20.7122058	0.0057533905
114	79.66233	20.7122058	0.0057533905
115	79.501396	20.67036296	0.005741767489
116	79.018594	20.54483444	0.005706898456
117	78.696726	20.46114876	0.005683652433
118	78.213924	20.33562024	0.0056487834
119	77.892056	20.25193456	0.005625537378
120	77.409254	20.12640604	0.005590668344
121	76.765518	19.95903468	0.0055441763
122	76.282716	19.83350616	0.005509307267
123	76.121782	19.79166332	0.005497684256
124	76.44365	19.875349	0.005520930278
125	76.926452	20.00087752	0.005555799311
126	77.087386	20.04272036	0.005567422322
127	77.24832	20.0845632	0.005579045333
128	77.087386	20.04272036	0.005567422322
129	77.087386	20.04272036	0.005567422322
130	77.087386	20.04272036	0.005567422322
131	77.24832	20.0845632	0.005579045333
132	77.24832	20.0845632	0.005579045333
133	77.24832	20.0845632	0.005579045333
134	77.087386	20.04272036	0.005567422322
135	76.121782	19.79166332	0.005497684256
136	74.02964	19.2477064	0.005346585111
137	69.684422	18.11794972	0.005032763811
138	66.304808	17.23925008	0.004788680578
139	63.56893	16.5279218	0.004591089389
140	63.086128	16.40239328	0.004556220356
141	62.76426	16.3187076	0.004532974333
142	62.76426	16.3187076	0.004532974333
143	62.925194	16.36055044	0.004544597344
144	63.56893	16.5279218	0.004591089389
145	64.534534	16.77897884	0.004660827456
146	65.98294	17.1555644	0.004765434556
147	67.59228	17.5739928	0.004881664667
148	69.362554	18.03426404	0.005009517789
149	70.328158	18.28532108	0.005079255856
150	70.971894	18.45269244	0.0051257479
151	71.293762	18.53637812	0.005148993922
152	71.454696	18.57822096	0.005160616933
153	71.776564	18.66190664	0.005183862956
154	71.937498	18.70374948	0.005195485967
155	72.259366	18.78743516	0.005218731989
156	72.742168	18.91296368	0.005253601022
157	73.546838	19.12217788	0.005311716078
158	73.868706	19.20586356	0.0053349621
159	74.512442	19.37323492	0.005381454144
160	75.317112	19.58244912	0.0054395692
161	75.478046	19.62429196	0.005451192211
162	75.63898	19.6661348	0.005462815222
163	75.799914	19.70797764	0.005474438233
164	76.604584	19.91719184	0.005532553289
165	77.087386	20.04272036	0.005567422322
166	77.24832	20.0845632	0.005579045333
167	77.24832	20.0845632	0.005579045333
168	77.087386	20.04272036	0.005567422322
169	76.926452	20.00087752	0.005555799311
170	76.121782	19.79166332	0.005497684256
171	75.156178	19.54060628	0.005427946189
172	74.351508	19.33139208	0.005369831133
173	73.868706	19.20586356	0.0053349621
174	73.546838	19.12217788	0.005311716078
175	73.22497	19.0384922	0.005288470056
176	73.064036	18.99664936	0.005276847044
177	72.903102	18.95480652	0.005265224033
178	72.4203	18.829278	0.005230355
179	70.81096	18.4108496	0.005114124889
180	69.362554	18.03426404	0.005009517789
181	67.914148	17.65767848	0.004904910689
182	66.78761	17.3647786	0.004823549611
183	66.78761	17.3647786	0.004823549611
184	67.753214	17.61583564	0.004893287678
185	69.040686	17.95057836	0.004986271767
186	70.00629	18.2016354	0.005056009833
187	70.650026	18.36900676	0.005102501878
188	70.167224	18.24347824	0.005067632844
189	69.684422	18.11794972	0.005032763811
190	69.20162	17.9924212	0.004997894778
191	69.362554	18.03426404	0.005009517789
192	69.845356	18.15979256	0.005044386822
193	70.650026	18.36900676	0.005102501878
194	71.293762	18.53637812	0.005148993922
195	71.776564	18.66190664	0.005183862956
196	72.259366	18.78743516	0.005218731989
197	72.098432	18.74559232	0.005207108978
198	71.454696	18.57822096	0.005160616933
199	70.650026	18.36900676	0.005102501878
200	69.845356	18.15979256	0.005044386822
201	69.523488	18.07610688	0.0050211408
202	69.523488	18.07610688	0.0050211408
203	69.362554	18.03426404	0.005009517789
204	69.20162	17.9924212	0.004997894778
205	69.20162	17.9924212	0.004997894778
206	69.362554	18.03426404	0.005009517789
207	69.845356	18.15979256	0.005044386822
208	70.650026	18.36900676	0.005102501878
209	70.81096	18.4108496	0.005114124889
210	70.00629	18.2016354	0.005056009833
211	68.557884	17.82504984	0.004951402733
212	66.78761	17.3647786	0.004823549611
213	65.500138	17.03003588	0.004730565522
214	64.3736	16.737136	0.004649204444
215	64.3736	16.737136	0.004649204444
216	64.856402	16.86266452	0.004684073478
217	65.98294	17.1555644	0.004765434556
218	67.59228	17.5739928	0.004881664667
219	68.718818	17.86689268	0.004963025744
220	69.362554	18.03426404	0.005009517789
221	69.523488	18.07610688	0.0050211408
222	69.845356	18.15979256	0.005044386822
223	70.650026	18.36900676	0.005102501878
224	71.293762	18.53637812	0.005148993922
225	71.937498	18.70374948	0.005195485967
226	72.581234	18.87112084	0.005241978011
227	73.064036	18.99664936	0.005276847044
228	73.707772	19.16402072	0.005323339089
229	74.83431	19.4569206	0.005404700167
230	75.478046	19.62429196	0.005451192211
231	75.960848	19.74982048	0.005486061244
232	76.282716	19.83350616	0.005509307267
233	76.121782	19.79166332	0.005497684256
234	76.121782	19.79166332	0.005497684256
235	75.960848	19.74982048	0.005486061244
236	75.960848	19.74982048	0.005486061244
237	75.960848	19.74982048	0.005486061244
238	75.799914	19.70797764	0.005474438233
239	75.63898	19.6661348	0.005462815222
240	75.63898	19.6661348	0.005462815222
241	75.478046	19.62429196	0.005451192211
242	75.317112	19.58244912	0.0054395692
243	75.478046	19.62429196	0.005451192211
244	75.63898	19.6661348	0.005462815222
245	75.960848	19.74982048	0.005486061244
246	76.44365	19.875349	0.005520930278
247	77.087386	20.04272036	0.005567422322
248	77.24832	20.0845632	0.005579045333
249	77.24832	20.0845632	0.005579045333
250	77.24832	20.0845632	0.005579045333
251	77.24832	20.0845632	0.005579045333
252	77.24832	20.0845632	0.005579045333
253	77.409254	20.12640604	0.005590668344
254	77.570188	20.16824888	0.005602291356
255	77.570188	20.16824888	0.005602291356
256	77.409254	20.12640604	0.005590668344
257	78.213924	20.33562024	0.0056487834
258	78.696726	20.46114876	0.005683652433
259	79.018594	20.54483444	0.005706898456
260	79.018594	20.54483444	0.005706898456
261	79.018594	20.54483444	0.005706898456
262	79.018594	20.54483444	0.005706898456
263	79.018594	20.54483444	0.005706898456
264	78.85766	20.5029916	0.005695275444
265	78.696726	20.46114876	0.005683652433
266	77.570188	20.16824888	0.005602291356
267	76.765518	19.95903468	0.0055441763
268	76.44365	19.875349	0.005520930278
269	75.960848	19.74982048	0.005486061244
270	75.156178	19.54060628	0.005427946189
271	74.351508	19.33139208	0.005369831133
272	74.02964	19.2477064	0.005346585111
273	73.707772	19.16402072	0.005323339089
274	73.385904	19.08033504	0.005300093067
275	73.064036	18.99664936	0.005276847044
276	72.742168	18.91296368	0.005253601022
277	72.4203	18.829278	0.005230355
278	71.937498	18.70374948	0.005195485967
279	71.61563	18.6200638	0.005172239944
280	71.132828	18.49453528	0.005137370911
281	70.00629	18.2016354	0.005056009833
282	68.879752	17.90873552	0.004974648756
283	67.59228	17.5739928	0.004881664667
284	64.534534	16.77897884	0.004660827456
285	62.120524	16.15133624	0.004486482289
286	60.35025	15.691065	0.004358629167
287	57.614372	14.97973672	0.004161037978
288	55.844098	14.51946548	0.004033184856
289	54.71756	14.2265656	0.003951823778
290	53.591022	13.93366572	0.0038704627
291	52.30355	13.598923	0.003777478611
292	51.016078	13.26418028	0.003684494522
293	49.245804	12.80390904	0.0035566414
294	47.636464	12.38548064	0.003440411289
295	46.348992	12.05073792	0.0033474272
296	45.705256	11.88336656	0.003300935156
297	46.027124	11.96705224	0.003324181178
298	47.47553	12.3436378	0.003428788278
299	50.533276	13.13865176	0.003649625489
300	53.751956	13.97550856	0.003882085711
301	57.292504	14.89605104	0.004137791956
302	60.35025	15.691065	0.004358629167
303	62.925194	16.36055044	0.004544597344
304	64.695468	16.82082168	0.004672450467
305	66.143874	17.19740724	0.004777057567
306	67.270412	17.49030712	0.004858418644
307	68.236016	17.74136416	0.004928156711
308	68.879752	17.90873552	0.004974648756
309	69.684422	18.11794972	0.005032763811
310	70.489092	18.32716392	0.005090878867
311	71.293762	18.53637812	0.005148993922
312	71.937498	18.70374948	0.005195485967
313	72.4203	18.829278	0.005230355
314	72.742168	18.91296368	0.005253601022
315	73.064036	18.99664936	0.005276847044
316	73.22497	19.0384922	0.005288470056
317	73.707772	19.16402072	0.005323339089
318	74.02964	19.2477064	0.005346585111
319	74.190574	19.28954924	0.005358208122
320	74.83431	19.4569206	0.005404700167
321	75.317112	19.58244912	0.0054395692
322	75.799914	19.70797764	0.005474438233
323	76.765518	19.95903468	0.0055441763
324	77.731122	20.21009172	0.005613914367
325	78.85766	20.5029916	0.005695275444
326	79.984198	20.79589148	0.005776636522
327	80.949802	21.04694852	0.005846374589
328	82.07634	21.3398484	0.005927735667
329	83.202878	21.63274828	0.006009096744
330	84.329416	21.92564816	0.006090457822
331	85.455954	22.21854804	0.0061718189
332	86.582492	22.51144792	0.006253179978
333	87.70903	22.8043478	0.006334541056
334	88.835568	23.09724768	0.006415902133
335	89.801172	23.34830472	0.0064856402
336	90.766776	23.59936176	0.006555378267
337	91.571446	23.80857596	0.006613493322
338	91.73238	23.8504188	0.006625116333
339	91.893314	23.89226164	0.006636739344
340	92.215182	23.97594732	0.006659985367
341	92.697984	24.10147584	0.0066948544
342	93.019852	24.18516152	0.006718100422
343	93.34172	24.2688472	0.006741346444
344	93.502654	24.31069004	0.006752969456
345	93.985456	24.43621856	0.006787838489
346	94.468258	24.56174708	0.006822707522
347	94.629192	24.60358992	0.006834330533
348	94.790126	24.64543276	0.006845953544
349	94.95106	24.6872756	0.006857576556
350	94.95106	24.6872756	0.006857576556
351	94.790126	24.64543276	0.006845953544
352	94.629192	24.60358992	0.006834330533
353	94.307324	24.51990424	0.006811084511
354	93.985456	24.43621856	0.006787838489
355	93.663588	24.35253288	0.006764592467
356	93.502654	24.31069004	0.006752969456
357	93.34172	24.2688472	0.006741346444
358	93.180786	24.22700436	0.006729723433
359	92.697984	24.10147584	0.0066948544
360	92.376116	24.01779016	0.006671608378
361	92.054248	23.93410448	0.006648362356
362	91.893314	23.89226164	0.006636739344
363	91.73238	23.8504188	0.006625116333
364	91.73238	23.8504188	0.006625116333
365	91.571446	23.80857596	0.006613493322
366	91.571446	23.80857596	0.006613493322
367	91.571446	23.80857596	0.006613493322
368	91.73238	23.8504188	0.006625116333
369	91.73238	23.8504188	0.006625116333
370	91.73238	23.8504188	0.006625116333
371	91.73238	23.8504188	0.006625116333
372	91.73238	23.8504188	0.006625116333
373	91.73238	23.8504188	0.006625116333
374	91.73238	23.8504188	0.006625116333
375	91.73238	23.8504188	0.006625116333
376	91.73238	23.8504188	0.006625116333
377	91.571446	23.80857596	0.006613493322
378	91.410512	23.76673312	0.006601870311
379	90.92771	23.6412046	0.006567001278
380	90.444908	23.51567608	0.006532132244
381	90.12304	23.4319904	0.006508886222
382	90.12304	23.4319904	0.006508886222
383	90.12304	23.4319904	0.006508886222
384	90.283974	23.47383324	0.006520509233
385	90.766776	23.59936176	0.006555378267
386	91.249578	23.72489028	0.0065902473
387	91.571446	23.80857596	0.006613493322
388	91.893314	23.89226164	0.006636739344
389	92.215182	23.97594732	0.006659985367
390	92.376116	24.01779016	0.006671608378
391	92.376116	24.01779016	0.006671608378
392	92.054248	23.93410448	0.006648362356
393	91.73238	23.8504188	0.006625116333
394	91.571446	23.80857596	0.006613493322
395	91.088644	23.68304744	0.006578624289
396	90.605842	23.55751892	0.006543755256
397	90.283974	23.47383324	0.006520509233
398	90.766776	23.59936176	0.006555378267
399	91.249578	23.72489028	0.0065902473
400	91.893314	23.89226164	0.006636739344
401	92.53705	24.059633	0.006683231389
402	93.019852	24.18516152	0.006718100422
403	93.34172	24.2688472	0.006741346444
404	93.34172	24.2688472	0.006741346444
405	93.34172	24.2688472	0.006741346444
406	93.34172	24.2688472	0.006741346444
407	93.34172	24.2688472	0.006741346444
408	93.34172	24.2688472	0.006741346444
409	93.180786	24.22700436	0.006729723433
410	93.019852	24.18516152	0.006718100422
411	92.858918	24.14331868	0.006706477411
412	92.858918	24.14331868	0.006706477411
413	93.019852	24.18516152	0.006718100422
414	93.180786	24.22700436	0.006729723433
415	93.34172	24.2688472	0.006741346444
416	93.502654	24.31069004	0.006752969456
417	93.985456	24.43621856	0.006787838489
418	94.790126	24.64543276	0.006845953544
419	95.111994	24.72911844	0.006869199567
420	95.594796	24.85464696	0.0069040686
421	96.238532	25.02201832	0.006950560644
422	96.399466	25.06386116	0.006962183656
423	96.399466	25.06386116	0.006962183656
424	96.238532	25.02201832	0.006950560644
425	95.916664	24.93833264	0.006927314622
426	95.594796	24.85464696	0.0069040686
427	95.272928	24.77096128	0.006880822578
428	95.111994	24.72911844	0.006869199567
429	94.95106	24.6872756	0.006857576556
430	94.790126	24.64543276	0.006845953544
431	94.468258	24.56174708	0.006822707522
432	94.307324	24.51990424	0.006811084511
433	94.14639	24.4780614	0.0067994615
434	93.985456	24.43621856	0.006787838489
435	93.985456	24.43621856	0.006787838489
436	93.824522	24.39437572	0.006776215478
437	93.663588	24.35253288	0.006764592467
438	93.502654	24.31069004	0.006752969456
439	93.34172	24.2688472	0.006741346444
440	93.180786	24.22700436	0.006729723433
441	93.180786	24.22700436	0.006729723433
442	93.180786	24.22700436	0.006729723433
443	93.180786	24.22700436	0.006729723433
444	93.180786	24.22700436	0.006729723433
445	93.34172	24.2688472	0.006741346444
446	93.502654	24.31069004	0.006752969456
447	93.502654	24.31069004	0.006752969456
448	93.663588	24.35253288	0.006764592467
449	93.663588	24.35253288	0.006764592467
450	93.663588	24.35253288	0.006764592467
451	93.502654	24.31069004	0.006752969456
452	93.34172	24.2688472	0.006741346444
453	93.34172	24.2688472	0.006741346444
454	93.34172	24.2688472	0.006741346444
455	93.34172	24.2688472	0.006741346444
456	93.34172	24.2688472	0.006741346444
457	93.34172	24.2688472	0.006741346444
458	93.180786	24.22700436	0.006729723433
459	93.180786	24.22700436	0.006729723433
460	93.34172	24.2688472	0.006741346444
461	93.502654	24.31069004	0.006752969456
462	93.502654	24.31069004	0.006752969456
463	93.663588	24.35253288	0.006764592467
464	93.824522	24.39437572	0.006776215478
465	93.824522	24.39437572	0.006776215478
466	93.824522	24.39437572	0.006776215478
467	93.663588	24.35253288	0.006764592467
468	93.502654	24.31069004	0.006752969456
469	93.34172	24.2688472	0.006741346444
470	93.019852	24.18516152	0.006718100422
471	92.53705	24.059633	0.006683231389
472	91.893314	23.89226164	0.006636739344
473	91.73238	23.8504188	0.006625116333
474	91.088644	23.68304744	0.006578624289
475	90.283974	23.47383324	0.006520509233
476	90.12304	23.4319904	0.006508886222
477	89.801172	23.34830472	0.0064856402
478	89.31837	23.2227762	0.006450771167
479	88.835568	23.09724768	0.006415902133
480	88.674634	23.05540484	0.006404279122
481	88.5137	23.013562	0.006392656111
482	88.352766	22.97171916	0.0063810331
483	88.352766	22.97171916	0.0063810331
484	88.352766	22.97171916	0.0063810331
485	88.352766	22.97171916	0.0063810331
486	88.352766	22.97171916	0.0063810331
487	88.352766	22.97171916	0.0063810331
488	88.5137	23.013562	0.006392656111
489	88.5137	23.013562	0.006392656111
490	88.5137	23.013562	0.006392656111
491	88.5137	23.013562	0.006392656111
492	88.5137	23.013562	0.006392656111
493	88.5137	23.013562	0.006392656111
494	88.674634	23.05540484	0.006404279122
495	88.674634	23.05540484	0.006404279122
496	88.5137	23.013562	0.006392656111
497	88.352766	22.97171916	0.0063810331
498	88.352766	22.97171916	0.0063810331
499	88.191832	22.92987632	0.006369410089
500	88.030898	22.88803348	0.006357787078
501	87.869964	22.84619064	0.006346164067
502	87.548096	22.76250496	0.006322918044
503	87.387162	22.72066212	0.006311295033
504	87.387162	22.72066212	0.006311295033
505	87.226228	22.67881928	0.006299672022
506	87.065294	22.63697644	0.006288049011
507	87.065294	22.63697644	0.006288049011
508	87.065294	22.63697644	0.006288049011
509	86.90436	22.5951336	0.006276426
510	86.90436	22.5951336	0.006276426
511	86.90436	22.5951336	0.006276426
512	86.90436	22.5951336	0.006276426
513	86.90436	22.5951336	0.006276426
514	86.90436	22.5951336	0.006276426
515	86.90436	22.5951336	0.006276426
516	86.90436	22.5951336	0.006276426
517	87.065294	22.63697644	0.006288049011
518	87.226228	22.67881928	0.006299672022
519	87.70903	22.8043478	0.006334541056
520	88.191832	22.92987632	0.006369410089
521	88.352766	22.97171916	0.0063810331
522	88.5137	23.013562	0.006392656111
523	88.674634	23.05540484	0.006404279122
524	88.835568	23.09724768	0.006415902133
525	88.835568	23.09724768	0.006415902133
526	88.996502	23.13909052	0.006427525144
527	89.157436	23.18093336	0.006439148156
528	89.31837	23.2227762	0.006450771167
529	89.479304	23.26461904	0.006462394178
530	89.640238	23.30646188	0.006474017189
531	89.801172	23.34830472	0.0064856402
532	89.962106	23.39014756	0.006497263211
533	90.12304	23.4319904	0.006508886222
534	90.12304	23.4319904	0.006508886222
535	90.12304	23.4319904	0.006508886222
536	90.12304	23.4319904	0.006508886222
537	90.12304	23.4319904	0.006508886222
538	90.12304	23.4319904	0.006508886222
539	90.12304	23.4319904	0.006508886222
540	90.12304	23.4319904	0.006508886222
541	90.12304	23.4319904	0.006508886222
542	90.12304	23.4319904	0.006508886222
543	90.12304	23.4319904	0.006508886222
544	90.12304	23.4319904	0.006508886222
545	90.12304	23.4319904	0.006508886222
546	90.12304	23.4319904	0.006508886222
547	89.962106	23.39014756	0.006497263211
548	89.962106	23.39014756	0.006497263211
549	89.962106	23.39014756	0.006497263211
550	89.801172	23.34830472	0.0064856402
551	89.479304	23.26461904	0.006462394178
552	89.157436	23.18093336	0.006439148156
553	88.835568	23.09724768	0.006415902133
554	88.674634	23.05540484	0.006404279122
555	88.5137	23.013562	0.006392656111
556	88.352766	22.97171916	0.0063810331
557	87.869964	22.84619064	0.006346164067
558	87.548096	22.76250496	0.006322918044
559	87.226228	22.67881928	0.006299672022
560	87.065294	22.63697644	0.006288049011
561	86.582492	22.51144792	0.006253179978
562	85.938756	22.34407656	0.006206687933
563	85.777822	22.30223372	0.006195064922
564	85.455954	22.21854804	0.0061718189
565	85.134086	22.13486236	0.006148572878
566	84.651284	22.00933384	0.006113703844
567	84.329416	21.92564816	0.006090457822
568	84.007548	21.84196248	0.0060672118
569	83.846614	21.80011964	0.006055588789
570	83.68568	21.7582768	0.006043965778
571	83.68568	21.7582768	0.006043965778
572	83.68568	21.7582768	0.006043965778
573	83.68568	21.7582768	0.006043965778
574	83.846614	21.80011964	0.006055588789
575	83.68568	21.7582768	0.006043965778
576	83.68568	21.7582768	0.006043965778
577	83.524746	21.71643396	0.006032342767
578	83.041944	21.59090544	0.005997473733
579	82.720076	21.50721976	0.005974227711
580	82.237274	21.38169124	0.005939358678
581	81.593538	21.21431988	0.005892866633
582	80.949802	21.04694852	0.005846374589
583	80.145132	20.83773432	0.005788259533
584	79.340462	20.62852012	0.005730144478
585	78.374858	20.37746308	0.005660406411
586	77.570188	20.16824888	0.005602291356
587	77.409254	20.12640604	0.005590668344
588	77.24832	20.0845632	0.005579045333
589	77.24832	20.0845632	0.005579045333
590	77.409254	20.12640604	0.005590668344
591	77.892056	20.25193456	0.005625537378
592	78.696726	20.46114876	0.005683652433
593	78.85766	20.5029916	0.005695275444
594	79.018594	20.54483444	0.005706898456
595	79.018594	20.54483444	0.005706898456
596	78.85766	20.5029916	0.005695275444
597	78.85766	20.5029916	0.005695275444
598	78.696726	20.46114876	0.005683652433
599	78.213924	20.33562024	0.0056487834
600	77.731122	20.21009172	0.005613914367
601	77.24832	20.0845632	0.005579045333
602	77.087386	20.04272036	0.005567422322
603	76.926452	20.00087752	0.005555799311
604	76.765518	19.95903468	0.0055441763
605	77.087386	20.04272036	0.005567422322
606	77.731122	20.21009172	0.005613914367
607	78.85766	20.5029916	0.005695275444
608	79.018594	20.54483444	0.005706898456
609	78.85766	20.5029916	0.005695275444
610	78.696726	20.46114876	0.005683652433
611	77.24832	20.0845632	0.005579045333
612	75.799914	19.70797764	0.005474438233
613	74.351508	19.33139208	0.005369831133
614	74.190574	19.28954924	0.005358208122
615	74.190574	19.28954924	0.005358208122
616	74.351508	19.33139208	0.005369831133
617	75.478046	19.62429196	0.005451192211
618	76.926452	20.00087752	0.005555799311
619	78.85766	20.5029916	0.005695275444
620	79.984198	20.79589148	0.005776636522
621	81.432604	21.17247704	0.005881243622
622	82.88101	21.5490626	0.005985850722
623	84.007548	21.84196248	0.0060672118
624	84.812218	22.05117668	0.006125326856
625	85.29502	22.1767052	0.006160195889
626	86.260624	22.42776224	0.006229933956
627	86.90436	22.5951336	0.006276426
628	87.065294	22.63697644	0.006288049011
629	87.548096	22.76250496	0.006322918044
630	88.030898	22.88803348	0.006357787078
631	88.674634	23.05540484	0.006404279122
632	89.157436	23.18093336	0.006439148156
633	89.157436	23.18093336	0.006439148156
634	88.5137	23.013562	0.006392656111
635	87.70903	22.8043478	0.006334541056
636	86.260624	22.42776224	0.006229933956
637	84.49035	21.967491	0.006102080833
638	80.788868	21.00510568	0.005834751578
639	77.570188	20.16824888	0.005602291356
640	74.83431	19.4569206	0.005404700167
641	74.351508	19.33139208	0.005369831133
642	74.02964	19.2477064	0.005346585111
643	74.02964	19.2477064	0.005346585111
644	74.512442	19.37323492	0.005381454144
645	75.317112	19.58244912	0.0054395692
646	76.44365	19.875349	0.005520930278
647	77.570188	20.16824888	0.005602291356
648	78.535792	20.41930592	0.005672029422
649	79.66233	20.7122058	0.0057533905
650	80.788868	21.00510568	0.005834751578
651	81.593538	21.21431988	0.005892866633
652	82.237274	21.38169124	0.005939358678
653	83.202878	21.63274828	0.006009096744
654	84.007548	21.84196248	0.0060672118
655	84.49035	21.967491	0.006102080833
656	83.846614	21.80011964	0.006055588789
657	83.041944	21.59090544	0.005997473733
658	82.237274	21.38169124	0.005939358678
659	82.07634	21.3398484	0.005927735667
660	82.07634	21.3398484	0.005927735667
661	82.237274	21.38169124	0.005939358678
662	82.720076	21.50721976	0.005974227711
663	83.202878	21.63274828	0.006009096744
664	83.68568	21.7582768	0.006043965778
665	84.007548	21.84196248	0.0060672118
666	84.49035	21.967491	0.006102080833
667	84.973152	22.09301952	0.006136949867
668	84.812218	22.05117668	0.006125326856
669	84.651284	22.00933384	0.006113703844
670	84.168482	21.88380532	0.006078834811
671	84.168482	21.88380532	0.006078834811
672	84.329416	21.92564816	0.006090457822
673	84.49035	21.967491	0.006102080833
674	84.812218	22.05117668	0.006125326856
675	84.812218	22.05117668	0.006125326856
676	84.329416	21.92564816	0.006090457822
677	83.846614	21.80011964	0.006055588789
678	83.202878	21.63274828	0.006009096744
679	82.237274	21.38169124	0.005939358678
680	81.27167	21.1306342	0.005869620611
681	80.627934	20.96326284	0.005823128567
682	80.145132	20.83773432	0.005788259533
683	79.984198	20.79589148	0.005776636522
684	79.823264	20.75404864	0.005765013511
685	79.66233	20.7122058	0.0057533905
686	79.66233	20.7122058	0.0057533905
687	79.984198	20.79589148	0.005776636522
688	80.467	20.92142	0.005811505556
689	80.788868	21.00510568	0.005834751578
690	81.432604	21.17247704	0.005881243622
691	82.237274	21.38169124	0.005939358678
692	83.041944	21.59090544	0.005997473733
693	83.524746	21.71643396	0.006032342767
694	83.68568	21.7582768	0.006043965778
695	83.846614	21.80011964	0.006055588789
696	84.329416	21.92564816	0.006090457822
697	85.134086	22.13486236	0.006148572878
698	85.777822	22.30223372	0.006195064922
699	86.421558	22.46960508	0.006241556967
700	87.226228	22.67881928	0.006299672022
701	87.70903	22.8043478	0.006334541056
702	88.191832	22.92987632	0.006369410089
703	88.5137	23.013562	0.006392656111
704	89.31837	23.2227762	0.006450771167
705	89.962106	23.39014756	0.006497263211
706	90.283974	23.47383324	0.006520509233
707	90.605842	23.55751892	0.006543755256
708	90.766776	23.59936176	0.006555378267
709	90.92771	23.6412046	0.006567001278
710	91.249578	23.72489028	0.0065902473
711	91.571446	23.80857596	0.006613493322
712	91.73238	23.8504188	0.006625116333
713	92.215182	23.97594732	0.006659985367
714	92.858918	24.14331868	0.006706477411
715	93.663588	24.35253288	0.006764592467
716	94.629192	24.60358992	0.006834330533
717	95.111994	24.72911844	0.006869199567
718	95.272928	24.77096128	0.006880822578
719	95.111994	24.72911844	0.006869199567
720	94.629192	24.60358992	0.006834330533
721	94.14639	24.4780614	0.0067994615
722	93.502654	24.31069004	0.006752969456
723	92.858918	24.14331868	0.006706477411
724	92.215182	23.97594732	0.006659985367
725	91.893314	23.89226164	0.006636739344
726	91.410512	23.76673312	0.006601870311
727	90.92771	23.6412046	0.006567001278
728	90.444908	23.51567608	0.006532132244
729	89.31837	23.2227762	0.006450771167
730	87.869964	22.84619064	0.006346164067
731	87.065294	22.63697644	0.006288049011
732	86.421558	22.46960508	0.006241556967
733	85.616888	22.26039088	0.006183441911
734	85.134086	22.13486236	0.006148572878
735	84.49035	21.967491	0.006102080833
736	83.68568	21.7582768	0.006043965778
737	82.559142	21.46537692	0.0059626047
738	81.27167	21.1306342	0.005869620611
739	79.66233	20.7122058	0.0057533905
740	78.05299	20.2937774	0.005637160389
741	76.604584	19.91719184	0.005532553289
742	75.317112	19.58244912	0.0054395692
743	73.385904	19.08033504	0.005300093067
744	71.132828	18.49453528	0.005137370911
745	68.39695	17.783207	0.004939779722
746	63.086128	16.40239328	0.004556220356
747	57.775306	15.02157956	0.004172660989
748	52.464484	13.64076584	0.003789101622
749	47.153662	12.25995212	0.003405542256
750	43.130312	11.21388112	0.003114966978
751	39.42883	10.2514958	0.002847637722
752	34.60081	8.9962106	0.002498947389
753	31.38213	8.1593538	0.002266487167
754	28.002516	7.28065416	0.002022403933
755	24.301034	6.31826884	0.001755074678
756	19.955816	5.18851216	0.001441253378
757	15.610598	4.05875548	0.001127432078
758	11.26538	2.9289988	0.0008136107778
759	8.0467	2.092142	0.0005811505556
760	5.310822	1.38081372	0.0003835593667
761	3.21868	0.8368568	0.0002324602222
762	1.126538	0.29289988	0.00008136107778
763	0	0	0
764	0	0	0
765	0	0	0